698, 3, 143, 5, 44, 80, 58
 268, 2, 928, 8, 53, 86, 23
 549, 4, 158, 16, 56, 145, 46
 89, 2, 797, 8, 40, 114, 8
 755, 2, 699, 18, 37, 52, 63
 637, 1, 512, 13, 83, 113, 53
 240, 2, 249, 3, 24, 115, 20
 779, 4, 46, 4, 69, 93, 65
 424, 2, 668, 17, 79, 59, 35
 59, 2, 571, 16, 83, 128, 5
 325, 2, 411, 7, 64, 103, 27
 231, 1, 276, 12, 73, 56, 20
 231, 5, 696, 20, 48, 81, 20
 400, 2, 479, 13, 42, 130, 33
 744, 2, 434, 14, 85, 83, 62
 829, 4, 723, 18, 36, 56, 69
 297, 5, 838, 12, 27, 57, 25
 602, 3, 298, 20, 99, 98, 50
 716, 5, 582, 5, 86, 79, 60
 620, 3, 406, 16, 59, 91, 52
 704, 2, 273, 11, 51, 90, 59
 789, 3, 710, 11, 31, 101, 66
 934, 3, 322, 17, 56, 90, 78
 946, 3, 248, 11, 42, 116, 79
 501, 4, 584, 6, 98, 104, 42
 759, 2, 291, 19, 73, 131, 63
 526, 2, 272, 19, 57, 84, 44
 310, 1, 627, 11, 44, 142, 26
 218, 3, 136, 3, 37, 80, 18
 355, 5, 570, 17, 81, 128, 30
 813, 4, 86, 10, 68, 60, 68
 161, 5, 720, 12, 60, 150, 14
 560, 5, 302, 18, 32, 73, 47
 763, 1, 992, 11, 60, 146, 63
 284, 2, 547, 8, 21, 115, 24
 85, 5, 582, 5, 92, 109, 8
 378, 4, 233, 18, 65, 119, 32
 886, 3, 300, 19, 23, 83, 74
 588, 3, 657, 20, 64, 68, 49
 266, 5, 456, 3, 72, 142, 22
 360, 4, 450, 18, 31, 136, 30
 815, 5, 130, 15, 89, 82, 68
 105, 2, 677, 3, 31, 141, 9
 241, 4, 914, 10, 56, 126, 20
 961, 1, 674, 14, 42, 139, 80
 331, 2, 745, 11, 65, 118, 28
 437, 4, 591, 4, 62, 76, 37
 434, 3, 356, 16, 76, 110, 36
 586, 3, 796, 18, 95, 119, 49
 982, 1, 789, 16, 23, 124, 82
 171, 2, 829, 3, 45, 61, 15
 831, 1, 884, 19, 73, 133, 69
 605, 3, 29, 2, 95, 107, 50
 787, 3, 886, 5, 91, 112, 65
 254, 3, 237, 5, 27, 58, 21
 245, 5, 94, 14, 81, 104, 21
 822, 5, 172, 14, 43, 68, 68
 274, 2, 563, 14, 68, 133, 23
 229, 3, 466, 2, 21, 111, 19
 235, 5, 530, 2, 26, 97, 20
 938, 4, 346, 15, 22, 149, 78
 802, 5, 126, 10, 24, 55, 67
 480, 4, 92, 13, 46, 131, 40
 945, 1, 633, 8, 61, 105, 78
 234, 3, 143, 19, 59, 55, 20
 253, 4, 1000, 17, 38, 99, 21
 157, 3, 157, 3, 32, 112, 13
 444, 5, 714, 2, 23, 63, 37
 710, 1, 391, 14, 83, 120, 59
 197, 3, 653, 7, 89, 99, 17
 817, 5, 917, 18, 77, 71, 68
 146, 4, 382, 12, 80, 76, 13
 65, 1, 579, 15, 62, 94, 6
 220, 4, 28, 19, 36, 86, 19
 462, 5, 809, 7, 42, 111, 39
 89, 5, 87, 13, 38, 53, 8
 554, 3, 5, 3, 95, 141, 46
 108, 1, 630, 13, 54, 75, 9
 97, 2, 60, 7, 52, 66, 9
 758, 1, 9, 14, 40, 112, 63
 888, 4, 424, 20, 34, 130, 74
 534, 4, 141, 17, 26, 66, 45
 509, 1, 490, 20, 39, 147, 42
 908, 4, 194, 2, 20, 120, 75
 933, 5, 501, 5, 74, 134, 77
 519, 5, 55, 6, 99, 115, 43
 142, 2, 254, 15, 89, 148, 12
 699, 5, 771, 9, 71, 105, 58
 206, 5, 806, 10, 77, 52, 17
 630, 3, 461, 16, 28, 67, 52
 436, 1, 199, 7, 80, 56, 36
 159, 1, 63, 2, 27, 108, 14
 714, 2, 332, 18, 76, 114, 59
 147, 1, 564, 10, 86, 111, 13
 933, 1, 901, 18, 21, 137, 77
 682, 1, 32, 6, 69, 146, 57
 142, 5, 656, 11, 69, 121, 12
 700, 1, 202, 13, 58, 145, 58
 999, 2, 956, 14, 38, 114, 83
 220, 5, 324, 14, 94, 101, 19
 846, 3, 391, 19, 92, 117, 70
 820, 5, 622, 5, 94, 100, 68
 854, 2, 17, 7, 79, 64, 71
 96, 2, 121, 6, 97, 114, 8
 863, 1, 439, 7, 79, 69, 72
 349, 4, 312, 8, 45, 93, 29
 84, 4, 833, 2, 94, 74, 7
 974, 3, 715, 19, 86, 61, 81
 639, 2, 650, 11, 94, 53, 53
 173, 3, 109, 4, 48, 53, 15
 182, 2, 752, 11, 35, 70, 16
 478, 3, 228, 9, 70, 84, 40
 494, 5, 680, 13, 47, 115, 41
 933, 5, 644, 12, 70, 121, 77
 478, 5, 446, 6, 40, 102, 40
 997, 1, 943, 19, 23, 138, 83
 177, 4, 668, 20, 47, 97, 15
 777, 4, 251, 10, 83, 145, 65
 477, 5, 901, 13, 30, 78, 40
 782, 5, 262, 6, 59, 63, 65
 236, 3, 900, 9, 100, 51, 20
 542, 3, 616, 19, 32, 110, 45
 999, 2, 532, 14, 96, 123, 83
 718, 3, 998, 19, 99, 124, 60
 899, 5, 625, 5, 70, 86, 75
 560, 5, 236, 8, 85, 122, 47
 652, 2, 783, 9, 26, 61, 54
 321, 5, 398, 16, 36, 124, 27
 178, 5, 233, 7, 79, 54, 15
 338, 3, 864, 12, 73, 128, 28
 741, 1, 609, 2, 26, 123, 62
 886, 1, 765, 4, 63, 97, 74
 274, 3, 642, 15, 45, 123, 23
 78, 3, 508, 14, 86, 81, 7
 183, 2, 267, 15, 44, 88, 16
 221, 1, 614, 4, 76, 137, 19
 341, 2, 878, 17, 44, 100, 29
 181, 5, 274, 2, 96, 106, 15
 659, 1, 104, 8, 88, 132, 55
 105, 2, 804, 12, 51, 112, 9
 566, 3, 190, 3, 98, 127, 47
 595, 4, 670, 4, 45, 102, 50
 418, 1, 682, 3, 46, 62, 35
 243, 2, 822, 14, 76, 129, 21
 866, 2, 785, 8, 79, 109, 72
 417, 4, 563, 19, 70, 88, 35
 154, 1, 437, 10, 35, 65, 13
 483, 3, 995, 11, 83, 112, 40
 702, 4, 630, 7, 98, 67, 58
 370, 3, 139, 20, 26, 135, 31
 87, 2, 243, 5, 59, 133, 8
 159, 5, 891, 9, 53, 78, 14
 175, 3, 160, 9, 68, 81, 15
 912, 2, 490, 12, 66, 132, 76
 608, 3, 230, 18, 41, 149, 51
 911, 4, 623, 5, 98, 146, 76
 233, 5, 445, 9, 86, 138, 20
 939, 2, 698, 12, 54, 96, 78
 477, 5, 666, 18, 72, 75, 40
 735, 5, 960, 8, 48, 149, 61
 387, 4, 929, 3, 54, 90, 32
 92, 3, 779, 19, 46, 109, 8
 921, 2, 97, 9, 51, 52, 76
 312, 4, 125, 7, 29, 81, 26
 225, 1, 897, 3, 24, 110, 19
 820, 2, 779, 16, 55, 136, 68
 750, 3, 567, 17, 66, 64, 62
 847, 1, 293, 16, 75, 53, 70
 315, 4, 525, 12, 45, 62, 26
 145, 2, 830, 9, 24, 129, 12
 656, 2, 747, 14, 41, 137, 55
 439, 2, 856, 15, 100, 50, 37
 213, 5, 22, 17, 75, 82, 18
 943, 4, 752, 11, 39, 86, 78
 381, 3, 65, 10, 74, 69, 32
 239, 5, 356, 7, 21, 91, 20
 464, 4, 635, 20, 69, 124, 39
 680, 5, 376, 5, 27, 135, 57
 376, 1, 455, 5, 74, 139, 32
 636, 1, 367, 7, 27, 112, 53
 433, 5, 279, 15, 74, 79, 36
 495, 5, 149, 17, 43, 90, 41
 626, 4, 102, 6, 75, 94, 52
 125, 4, 238, 2, 83, 62, 11
 531, 1, 813, 10, 47, 53, 44
 72, 5, 638, 13, 88, 88, 6
 708, 2, 765, 11, 21, 75, 59
 670, 5, 655, 15, 34, 61, 56
 978, 3, 578, 12, 44, 57, 81
 334, 2, 960, 12, 49, 118, 28
 543, 4, 349, 13, 33, 100, 45
 215, 3, 404, 17, 62, 102, 18
 292, 1, 600, 15, 62, 135, 25
 622, 3, 166, 18, 70, 92, 52
 549, 5, 992, 3, 97, 81, 46
 170, 3, 412, 9, 37, 61, 15
 627, 2, 470, 11, 38, 134, 52
 571, 4, 413, 19, 54, 116, 48
 670, 3, 406, 14, 32, 115, 56
 787, 2, 454, 16, 84, 54, 65
 888, 2, 104, 11, 65, 54, 74
 319, 2, 612, 9, 80, 66, 27
 770, 4, 653, 13, 85, 61, 64
 170, 1, 22, 15, 52, 77, 15
 477, 5, 714, 9, 56, 87, 40
 886, 4, 285, 13, 82, 105, 74
 765, 1, 373, 13, 38, 117, 64
 284, 5, 742, 15, 38, 82, 24
 896, 2, 104, 5, 35, 87, 74
 675, 2, 22, 4, 54, 106, 56
 850, 5, 83, 6, 56, 53, 71
 111, 1, 396, 7, 22, 143, 10
 180, 2, 508, 2, 44, 150, 15
 243, 1, 124, 3, 79, 86, 21
 837, 1, 709, 10, 39, 69, 70
 128, 3, 473, 19, 63, 133, 11
 209, 4, 621, 8, 29, 111, 18
 694, 3, 372, 18, 44, 116, 58
 571, 2, 335, 10, 63, 62, 48
 390, 5, 135, 6, 99, 80, 33
 127, 5, 383, 5, 38, 96, 11
 706, 3, 677, 19, 73, 140, 59
 317, 4, 994, 20, 48, 149, 27
 954, 3, 465, 18, 41, 82, 79
 214, 5, 439, 5, 65, 108, 18
 275, 1, 366, 12, 77, 59, 23
 205, 3, 199, 20, 51, 55, 17
 763, 2, 618, 5, 98, 52, 63
 266, 3, 717, 18, 48, 122, 22
 761, 1, 328, 10, 61, 134, 63
 76, 5, 897, 14, 95, 65, 7
 304, 4, 20, 13, 45, 103, 26
 896, 5, 992, 14, 83, 56, 74
 640, 1, 995, 14, 76, 76, 53
 570, 2, 292, 8, 83, 88, 48
 204, 5, 490, 10, 56, 125, 17
 678, 4, 27, 9, 59, 126, 56
 397, 1, 842, 14, 77, 126, 33
 275, 1, 517, 20, 35, 70, 23
 641, 4, 357, 18, 80, 96, 53
 783, 3, 427, 8, 100, 150, 65
 940, 5, 848, 8, 66, 69, 78
 186, 4, 564, 5, 84, 50, 16
 147, 5, 928, 10, 57, 109, 13
 830, 4, 87, 9, 58, 142, 69
 980, 3, 309, 11, 55, 97, 81
 758, 2, 799, 11, 24, 148, 63
 474, 4, 361, 3, 54, 87, 40
 233, 1, 434, 11, 56, 123, 20
 84, 3, 579, 13, 32, 84, 7
 486, 1, 186, 12, 25, 74, 41
 242, 5, 826, 18, 79, 136, 20
 743, 5, 573, 10, 51, 140, 62
 221, 5, 988, 15, 61, 74, 19
 585, 1, 20, 20, 45, 77, 49
 328, 1, 205, 7, 51, 71, 28
 741, 4, 580, 3, 99, 86, 62
 306, 2, 446, 12, 68, 108, 26
 395, 4, 682, 6, 68, 64, 33
 871, 5, 589, 7, 27, 60, 72
 986, 5, 687, 11, 27, 76, 82
 198, 1, 403, 10, 97, 103, 17
 624, 4, 441, 16, 96, 77, 52
 61, 4, 399, 5, 70, 111, 6
 790, 1, 325, 17, 62, 78, 66
 148, 1, 531, 15, 67, 99, 13
 330, 3, 117, 4, 46, 94, 28
 626, 2, 449, 6, 43, 53, 52
 658, 2, 602, 4, 59, 87, 55
 797, 5, 328, 10, 96, 73, 66
 367, 5, 275, 14, 46, 121, 31
 142, 5, 227, 9, 99, 138, 12
 295, 4, 229, 18, 97, 147, 25
 534, 5, 475, 13, 40, 75, 45
 902, 2, 305, 7, 24, 67, 75
 244, 4, 31, 6, 27, 83, 21
 480, 4, 485, 17, 64, 115, 40
 945, 3, 908, 13, 37, 129, 78
 921, 4, 441, 20, 20, 141, 76
 873, 2, 513, 20, 40, 77, 73
 574, 2, 132, 5, 85, 52, 48
 350, 1, 194, 15, 83, 102, 29
 349, 4, 527, 8, 46, 102, 29
 543, 5, 915, 3, 68, 87, 45
 845, 1, 672, 5, 92, 57, 70
 360, 1, 931, 5, 31, 132, 30
 623, 1, 674, 4, 34, 90, 52
 418, 3, 283, 20, 57, 97, 35
 531, 2, 1000, 9, 39, 74, 44
 435, 1, 839, 20, 76, 92, 36
 361, 3, 299, 4, 55, 88, 30
 359, 4, 936, 16, 45, 68, 30
 707, 1, 812, 17, 42, 126, 59
 374, 1, 713, 11, 94, 51, 31
 777, 5, 673, 18, 70, 115, 65
 558, 4, 534, 18, 25, 120, 47
 228, 5, 404, 3, 88, 123, 19
 266, 1, 402, 6, 34, 56, 22
 584, 2, 175, 15, 83, 76, 49
 462, 1, 159, 17, 42, 106, 39
 732, 3, 300, 7, 84, 79, 61
 490, 3, 916, 6, 87, 55, 41
 760, 3, 423, 5, 25, 148, 63
 377, 5, 504, 13, 74, 143, 32
 684, 3, 35, 19, 76, 61, 57
 631, 3, 493, 3, 50, 84, 53
 934, 2, 234, 20, 63, 90, 78
 840, 2, 65, 16, 64, 106, 70
 332, 1, 451, 15, 65, 142, 28
 779, 2, 9, 7, 28, 60, 65
 873, 5, 384, 12, 86, 130, 73
 515, 3, 511, 15, 35, 76, 43
 124, 3, 561, 15, 80, 55, 11
 442, 2, 173, 17, 33, 115, 37
 293, 1, 488, 16, 100, 74, 25
 694, 2, 801, 9, 88, 127, 58
 893, 5, 843, 14, 65, 74, 74
 199, 4, 211, 14, 44, 98, 17
 664, 2, 843, 13, 87, 98, 55
 732, 4, 813, 15, 100, 65, 61
 882, 2, 14, 7, 87, 88, 73
 91, 1, 165, 3, 84, 85, 8
 278, 1, 346, 16, 93, 73, 23
 804, 3, 19, 16, 79, 111, 67
 538, 1, 736, 8, 34, 84, 45
 585, 1, 723, 5, 84, 123, 49
 915, 5, 235, 7, 96, 119, 76
 234, 4, 628, 9, 66, 149, 20
 486, 4, 391, 2, 23, 50, 41
 662, 4, 147, 16, 68, 147, 55
 759, 1, 882, 9, 70, 72, 63
 390, 1, 580, 4, 25, 125, 33
 122, 2, 80, 2, 94, 132, 11
 954, 1, 35, 7, 22, 124, 79
 144, 1, 17, 17, 46, 102, 12
 975, 2, 763, 8, 71, 150, 81
 993, 4, 993, 3, 21, 125, 82
 684, 3, 599, 13, 86, 124, 57
 387, 5, 121, 13, 58, 141, 32
 345, 5, 198, 14, 49, 145, 29
 504, 3, 226, 17, 73, 126, 42
 968, 1, 712, 10, 51, 141, 80
 635, 2, 73, 13, 27, 134, 53
 107, 2, 497, 16, 55, 147, 9
 798, 2, 55, 2, 20, 71, 66
 705, 4, 225, 6, 23, 123, 59
 447, 4, 510, 9, 33, 83, 37
 716, 3, 933, 15, 45, 63, 60
 306, 4, 842, 7, 67, 147, 26
 135, 2, 706, 8, 63, 135, 12
 689, 1, 242, 4, 55, 127, 57
 969, 4, 217, 9, 89, 127, 80
 845, 5, 180, 14, 54, 125, 70
 765, 5, 72, 4, 59, 91, 64
 640, 2, 555, 14, 91, 138, 53
 319, 2, 110, 6, 76, 127, 27
 817, 5, 704, 16, 25, 122, 68
 396, 2, 745, 18, 26, 70, 33
 646, 4, 777, 17, 42, 131, 54
 317, 5, 785, 17, 78, 104, 27
 202, 5, 380, 20, 57, 95, 17
 760, 1, 121, 4, 78, 52, 63
 776, 2, 714, 8, 74, 123, 65
 704, 1, 222, 10, 23, 142, 59
 73, 2, 588, 14, 35, 142, 7
 75, 2, 999, 10, 59, 54, 7
 320, 3, 858, 5, 35, 84, 27
 577, 1, 942, 12, 89, 148, 48
 598, 1, 995, 8, 35, 128, 50
 462, 3, 681, 15, 84, 71, 39
 929, 5, 762, 19, 48, 135, 77
 801, 3, 265, 2, 97, 115, 67
 933, 2, 269, 12, 51, 108, 77
 472, 5, 808, 4, 66, 112, 39
 488, 2, 263, 12, 25, 117, 41
 427, 2, 645, 13, 83, 127, 36
 833, 1, 902, 9, 76, 116, 69
 703, 2, 743, 20, 33, 75, 58
 379, 4, 94, 8, 64, 90, 32
 138, 1, 732, 4, 87, 97, 12
 652, 4, 384, 19, 43, 114, 54
 660, 3, 63, 14, 62, 120, 55
 646, 3, 942, 7, 60, 104, 54
 555, 2, 873, 3, 52, 108, 46
 158, 2, 372, 15, 42, 62, 14
 577, 1, 650, 2, 24, 126, 48
 168, 5, 507, 17, 85, 71, 14
 787, 3, 480, 11, 29, 75, 65
 90, 4, 701, 10, 65, 144, 8
 231, 5, 867, 15, 80, 53, 20
 707, 2, 114, 12, 43, 76, 59
 134, 1, 889, 15, 29, 123, 12
 92, 2, 943, 14, 34, 137, 8
 701, 3, 786, 15, 77, 93, 58
 620, 2, 832, 19, 65, 117, 52
 910, 5, 799, 4, 82, 109, 76
 924, 4, 725, 5, 31, 122, 77
 237, 3, 997, 3, 77, 84, 20
 96, 5, 258, 17, 84, 140, 8
 942, 4, 747, 19, 32, 87, 78
 68, 1, 362, 20, 63, 56, 6
 667, 3, 147, 15, 100, 130, 56
 552, 5, 372, 6, 89, 112, 46
 604, 2, 223, 14, 54, 138, 50
 298, 4, 501, 15, 41, 87, 25
 187, 5, 817, 16, 65, 124, 16
 177, 4, 77, 12, 93, 126, 15
 714, 3, 520, 16, 79, 52, 59
 199, 4, 993, 16, 30, 94, 17
 272, 2, 492, 11, 40, 144, 23
 953, 1, 680, 5, 99, 134, 79
 249, 4, 507, 14, 86, 58, 21
 52, 4, 156, 9, 57, 96, 5
 320, 1, 15, 19, 90, 92, 27
 75, 2, 642, 17, 26, 129, 7
 360, 4, 634, 2, 66, 134, 30
 239, 4, 929, 10, 22, 67, 20
 163, 3, 29, 17, 75, 61, 14
 663, 1, 316, 18, 98, 128, 55
 648, 1, 598, 7, 63, 150, 54
 399, 3, 471, 8, 79, 150, 33
 858, 1, 460, 6, 24, 147, 71
 441, 3, 866, 8, 72, 131, 37
 112, 3, 304, 15, 26, 51, 10
 88, 2, 662, 17, 29, 68, 8
 648, 3, 815, 15, 82, 83, 54
 623, 3, 616, 6, 32, 63, 52
 677, 2, 536, 4, 73, 58, 56
 821, 3, 108, 15, 34, 58, 68
 349, 3, 997, 20, 96, 114, 29
 482, 1, 956, 9, 100, 147, 40
 555, 3, 17, 15, 69, 148, 46
 822, 3, 494, 10, 47, 113, 68
 101, 5, 756, 16, 34, 140, 9
 714, 2, 217, 11, 70, 61, 59
 373, 2, 323, 11, 51, 124, 31
 181, 2, 866, 13, 30, 88, 15
 876, 1, 645, 2, 25, 126, 73
 791, 1, 309, 19, 85, 128, 66
 132, 2, 391, 8, 30, 97, 11
 848, 3, 281, 9, 74, 51, 70
 145, 1, 251, 7, 23, 113, 12
 605, 3, 616, 18, 28, 111, 50
 969, 4, 982, 20, 45, 145, 80
 272, 1, 658, 8, 36, 129, 23
 145, 1, 627, 2, 55, 130, 12
 567, 2, 857, 11, 36, 75, 47
 805, 5, 928, 5, 65, 102, 67
 713, 1, 620, 7, 64, 66, 59
 263, 3, 17, 17, 49, 125, 22
 816, 4, 763, 18, 44, 128, 68
 912, 2, 279, 4, 34, 132, 76
 570, 2, 157, 6, 76, 62, 48
 945, 4, 757, 19, 30, 58, 78
 475, 2, 127, 2, 51, 126, 40
 457, 5, 477, 6, 85, 62, 38
 645, 4, 403, 4, 40, 51, 54
 282, 4, 900, 4, 81, 99, 24
 538, 5, 919, 11, 51, 148, 45
 337, 5, 725, 15, 67, 132, 28
 431, 1, 838, 16, 63, 130, 36
 314, 5, 248, 8, 45, 133, 26
 543, 2, 305, 2, 50, 104, 45
 651, 4, 763, 10, 26, 140, 54
 408, 5, 748, 13, 45, 129, 34
 389, 4, 486, 9, 82, 134, 33
 129, 4, 289, 9, 85, 81, 11
 887, 2, 358, 18, 74, 96, 74
 726, 1, 356, 9, 69, 98, 60
 190, 2, 700, 18, 70, 146, 16
 447, 5, 357, 7, 53, 129, 37
 695, 1, 591, 14, 45, 108, 58
 770, 4, 237, 9, 96, 128, 64
 947, 4, 499, 14, 58, 95, 79
 353, 3, 418, 15, 30, 92, 30
 577, 4, 874, 9, 27, 90, 48
 962, 3, 916, 20, 48, 143, 80
 862, 3, 442, 15, 26, 73, 72
 648, 4, 468, 3, 67, 145, 54
 664, 2, 566, 18, 68, 78, 55
 563, 1, 44, 17, 83, 120, 47
 908, 4, 971, 4, 43, 122, 75
 396, 1, 886, 9, 76, 149, 33
 509, 3, 520, 13, 80, 70, 42
 912, 3, 482, 11, 75, 71, 76
 499, 3, 797, 10, 92, 54, 42
 154, 2, 607, 20, 91, 124, 13
 368, 1, 964, 15, 67, 65, 31
 945, 5, 741, 16, 53, 68, 78
 781, 3, 706, 6, 29, 104, 65
 262, 4, 853, 14, 42, 126, 22
 262, 5, 792, 9, 53, 109, 22
 979, 3, 185, 6, 77, 133, 81
 117, 3, 24, 5, 38, 76, 10
 143, 4, 951, 16, 66, 98, 12
 581, 2, 759, 2, 85, 89, 48
 896, 4, 857, 2, 44, 62, 74
 150, 4, 777, 10, 90, 106, 13
 440, 5, 465, 5, 59, 107, 37
 605, 5, 686, 2, 47, 146, 50
 325, 2, 620, 9, 25, 51, 27
 389, 2, 187, 17, 44, 53, 33
 818, 1, 46, 17, 90, 116, 68
 932, 3, 229, 3, 39, 90, 77
 945, 4, 378, 6, 51, 128, 78
 891, 4, 255, 4, 91, 79, 74
 867, 4, 353, 15, 65, 126, 72
 907, 3, 230, 3, 67, 146, 75
 656, 5, 861, 7, 68, 128, 55
 118, 5, 718, 9, 42, 116, 10
 372, 2, 133, 14, 82, 125, 31
 852, 5, 687, 7, 63, 87, 71
 524, 3, 667, 2, 30, 104, 44
 859, 2, 59, 15, 57, 141, 71
 758, 2, 445, 7, 29, 81, 63
 965, 3, 255, 6, 33, 69, 80
 792, 4, 103, 9, 25, 71, 66
 278, 2, 112, 8, 64, 89, 23
 489, 1, 808, 7, 84, 112, 41
 393, 1, 89, 18, 44, 114, 33
 288, 5, 5, 8, 74, 104, 24
 290, 3, 1000, 20, 31, 128, 24
 380, 1, 267, 5, 47, 53, 32
 875, 1, 512, 14, 45, 111, 73
 561, 2, 276, 4, 52, 121, 47
 168, 3, 79, 8, 71, 130, 14
 227, 4, 796, 16, 72, 103, 19
 256, 5, 103, 9, 41, 143, 22
 656, 4, 333, 2, 25, 118, 55
 539, 4, 326, 20, 78, 50, 45
 558, 5, 124, 10, 22, 115, 47
 650, 5, 886, 18, 91, 115, 54
 641, 5, 212, 20, 50, 84, 53
 189, 2, 170, 13, 73, 100, 16
 611, 2, 595, 2, 31, 102, 51
 416, 2, 661, 5, 31, 74, 35
 379, 4, 894, 11, 64, 75, 32
 708, 1, 997, 9, 67, 146, 59
 417, 5, 189, 9, 78, 96, 35
 866, 1, 509, 16, 63, 109, 72
 268, 2, 71, 19, 51, 66, 23
 196, 4, 943, 11, 48, 80, 17
 736, 3, 894, 15, 91, 61, 61
 710, 2, 340, 17, 79, 123, 59
 613, 3, 510, 15, 52, 75, 51
 68, 2, 411, 20, 84, 143, 6
 833, 4, 517, 16, 22, 62, 69
 722, 3, 770, 10, 30, 67, 60
 852, 3, 616, 5, 82, 129, 71
 361, 2, 549, 6, 40, 131, 30
 473, 3, 880, 7, 61, 105, 40
 879, 1, 853, 11, 35, 77, 73
 75, 2, 639, 16, 98, 117, 7
 189, 5, 532, 13, 70, 140, 16
 585, 3, 470, 7, 98, 144, 49
 588, 2, 953, 12, 76, 66, 49
 964, 2, 914, 19, 58, 129, 80
 471, 3, 29, 2, 96, 109, 39
 915, 3, 362, 10, 42, 78, 76
 874, 2, 561, 19, 20, 106, 73
 659, 5, 801, 18, 54, 130, 55
 605, 1, 848, 18, 33, 123, 50
 882, 1, 733, 6, 59, 81, 73
 299, 3, 941, 11, 84, 102, 25
 533, 2, 425, 13, 97, 115, 44
 622, 4, 678, 8, 45, 103, 52
 335, 2, 169, 17, 65, 51, 28
 142, 4, 634, 9, 60, 66, 12
 461, 2, 812, 8, 20, 125, 39
 735, 5, 512, 19, 94, 77, 61
 626, 5, 319, 20, 26, 133, 52
 82, 5, 666, 9, 83, 113, 7
 875, 3, 672, 8, 98, 131, 73
 901, 2, 883, 11, 37, 137, 75
 818, 3, 422, 20, 33, 114, 68
 202, 4, 241, 4, 36, 136, 17
 360, 2, 873, 15, 23, 149, 30
 279, 3, 5, 10, 82, 146, 24
 390, 1, 732, 6, 72, 62, 33
 904, 2, 10, 2, 44, 116, 75
 980, 4, 546, 7, 47, 106, 81
 988, 2, 426, 5, 95, 117, 82
 991, 4, 967, 3, 56, 82, 82
 568, 3, 586, 7, 60, 60, 47
 594, 1, 792, 14, 91, 62, 49
 328, 5, 96, 14, 70, 107, 28
 145, 4, 406, 5, 38, 121, 12
 667, 2, 372, 13, 53, 117, 56
 367, 5, 136, 8, 97, 109, 31
 834, 1, 925, 20, 39, 106, 69
 336, 4, 735, 3, 50, 120, 28
 699, 2, 246, 11, 100, 147, 58
 110, 1, 808, 6, 66, 89, 10
 518, 4, 48, 17, 64, 82, 43
 166, 5, 398, 19, 78, 75, 14
 211, 3, 599, 11, 59, 75, 18
 333, 5, 665, 17, 94, 134, 28
 410, 3, 868, 11, 47, 132, 34
 88, 5, 998, 9, 48, 129, 8
 980, 3, 319, 13, 75, 117, 81
 985, 3, 422, 10, 100, 102, 82
 118, 3, 278, 11, 79, 138, 10
 735, 2, 759, 20, 27, 123, 61
 802, 5, 614, 18, 67, 99, 67
 96, 1, 670, 9, 20, 104, 8
 122, 3, 402, 8, 91, 140, 11
 61, 3, 774, 11, 94, 84, 6
 629, 4, 418, 17, 72, 111, 52
 505, 1, 27, 4, 94, 142, 42
 83, 4, 255, 16, 86, 117, 7
 749, 4, 743, 15, 28, 114, 62
 108, 1, 367, 7, 50, 70, 9
 982, 3, 481, 20, 63, 64, 82
 516, 5, 791, 9, 35, 72, 43
 283, 1, 104, 18, 40, 96, 24
 431, 4, 469, 6, 28, 109, 36
 296, 2, 773, 6, 31, 85, 25
 573, 5, 980, 17, 46, 112, 48
 733, 4, 805, 7, 59, 78, 61
 404, 1, 908, 8, 64, 100, 34
 764, 4, 315, 10, 74, 123, 64
 704, 1, 303, 9, 93, 123, 59
 886, 2, 89, 9, 95, 108, 74
 114, 2, 85, 8, 76, 144, 10
 334, 5, 512, 19, 53, 145, 28
 166, 3, 19, 19, 72, 128, 14
 881, 3, 671, 13, 69, 109, 73
 442, 4, 589, 20, 59, 142, 37
 439, 5, 943, 9, 29, 83, 37
 252, 4, 446, 7, 23, 51, 21
 568, 4, 225, 3, 59, 110, 47
 529, 2, 824, 16, 32, 73, 44
 956, 1, 456, 4, 94, 99, 79
 412, 3, 255, 10, 67, 119, 34
 920, 1, 444, 6, 65, 65, 76
 243, 4, 816, 20, 67, 143, 21
 819, 2, 501, 17, 33, 118, 68
 225, 1, 834, 18, 97, 86, 19
 366, 1, 156, 15, 27, 67, 31
 712, 1, 329, 5, 63, 118, 59
 951, 5, 725, 15, 52, 144, 79
 517, 2, 223, 10, 92, 77, 43
 661, 3, 702, 9, 49, 68, 55
 796, 4, 954, 3, 76, 127, 66
 430, 4, 420, 16, 22, 62, 36
 850, 1, 560, 2, 41, 140, 71
 334, 1, 19, 19, 96, 97, 28
 822, 4, 609, 16, 53, 87, 68
 185, 2, 172, 17, 52, 137, 16
 241, 4, 946, 18, 73, 89, 20
 670, 5, 472, 19, 33, 66, 56
 915, 3, 351, 3, 50, 99, 76
 467, 1, 24, 7, 75, 51, 39
 621, 5, 128, 15, 37, 126, 52
 278, 5, 628, 12, 53, 74, 23
 252, 5, 670, 13, 90, 50, 21
 824, 2, 920, 14, 44, 125, 68
 412, 4, 50, 5, 83, 103, 34
 939, 1, 725, 14, 43, 150, 78
 378, 1, 562, 9, 73, 93, 32
 814, 3, 641, 13, 48, 131, 68
 323, 2, 195, 9, 97, 110, 27
 735, 5, 804, 19, 35, 56, 61
 379, 3, 436, 13, 62, 63, 32
 188, 1, 585, 13, 25, 76, 16
 154, 3, 273, 18, 87, 60, 13
 682, 3, 824, 2, 59, 77, 57
 327, 3, 676, 4, 51, 68, 27
 451, 1, 782, 19, 50, 135, 38
 560, 2, 112, 13, 71, 95, 47
 315, 2, 7, 18, 75, 104, 26
 601, 5, 950, 18, 80, 105, 50
 762, 1, 660, 18, 24, 63, 63
 514, 2, 254, 11, 95, 127, 43
 720, 4, 382, 11, 28, 140, 60
 838, 1, 578, 4, 56, 131, 70
 352, 1, 898, 4, 30, 132, 30
 997, 3, 394, 6, 29, 66, 83
 171, 4, 145, 10, 47, 64, 15
 729, 4, 215, 5, 53, 143, 61
 462, 3, 972, 14, 100, 146, 39
 858, 4, 424, 3, 43, 129, 71
 545, 3, 239, 19, 45, 80, 45
 127, 2, 422, 8, 80, 81, 11
 684, 4, 602, 9, 87, 70, 57
 538, 5, 28, 10, 53, 110, 45
 837, 4, 450, 15, 87, 137, 70
 432, 1, 466, 2, 69, 52, 36
 560, 3, 532, 16, 82, 149, 47
 98, 4, 407, 3, 50, 86, 9
 648, 5, 193, 3, 69, 102, 54
 915, 5, 18, 17, 45, 116, 76
 549, 2, 160, 14, 24, 50, 46
 344, 1, 707, 17, 50, 82, 29
 926, 2, 295, 12, 42, 61, 77
 562, 2, 816, 2, 70, 148, 47
 553, 2, 895, 2, 100, 67, 46
 989, 2, 114, 8, 37, 52, 82
 121, 3, 374, 2, 26, 87, 10
 280, 4, 864, 10, 100, 88, 24
 235, 2, 739, 6, 30, 146, 20
 961, 1, 645, 16, 84, 141, 80
 947, 2, 101, 14, 69, 117, 79
 914, 2, 68, 7, 95, 85, 76
 69, 5, 805, 15, 83, 82, 6
 889, 4, 576, 6, 72, 148, 74
 389, 3, 583, 8, 82, 62, 33
 822, 5, 377, 6, 70, 137, 68
 409, 4, 204, 6, 58, 79, 34
 706, 3, 77, 14, 87, 84, 59
 203, 4, 310, 11, 32, 74, 17
 617, 4, 882, 19, 66, 114, 51
 369, 3, 243, 10, 35, 86, 31
 660, 5, 773, 16, 44, 128, 55
 805, 3, 759, 9, 55, 82, 67
 952, 1, 341, 9, 52, 60, 79
 771, 5, 308, 18, 92, 96, 64
 605, 1, 625, 9, 83, 121, 50
 931, 2, 870, 14, 53, 110, 77
 333, 3, 940, 15, 88, 117, 28
 627, 5, 670, 10, 22, 115, 52
 483, 1, 60, 14, 29, 74, 40
 53, 4, 958, 16, 28, 139, 5
 841, 2, 931, 2, 67, 145, 70
 815, 4, 651, 5, 29, 73, 68
 79, 1, 74, 9, 30, 58, 7
 405, 2, 575, 6, 37, 128, 34
 353, 3, 941, 3, 48, 142, 30
 993, 4, 726, 19, 77, 107, 82
 619, 5, 4, 4, 73, 133, 52
 701, 1, 505, 5, 27, 100, 58
 911, 1, 998, 6, 88, 119, 76
 698, 4, 930, 5, 74, 112, 58
 899, 4, 377, 17, 58, 139, 75
 718, 3, 80, 10, 68, 65, 60
 427, 2, 243, 17, 74, 108, 36
 464, 2, 420, 4, 83, 88, 39
 512, 4, 978, 9, 36, 90, 43
 860, 5, 25, 19, 72, 100, 71
 524, 2, 68, 11, 35, 150, 44
 633, 3, 632, 8, 24, 137, 53
 181, 2, 437, 12, 37, 141, 15
 55, 3, 164, 19, 27, 94, 5
 410, 4, 464, 3, 71, 70, 34
 502, 5, 834, 8, 86, 148, 42
 411, 5, 624, 20, 61, 74, 34
 846, 5, 296, 13, 63, 133, 70
 747, 2, 963, 20, 73, 137, 62
 150, 4, 618, 11, 86, 105, 13
 713, 3, 759, 14, 37, 92, 59
 752, 3, 863, 20, 21, 80, 63
 464, 4, 809, 3, 48, 116, 39
 98, 5, 900, 17, 88, 132, 9
 974, 1, 923, 15, 81, 62, 81
 847, 3, 658, 19, 44, 55, 70
 679, 3, 21, 8, 74, 85, 57
 173, 3, 936, 15, 63, 120, 15
 640, 5, 900, 3, 90, 144, 53
 691, 3, 887, 16, 83, 81, 57
 570, 1, 579, 4, 79, 79, 48
 506, 5, 172, 8, 36, 119, 42
 159, 2, 411, 7, 60, 146, 14
 909, 2, 456, 7, 31, 135, 75
 158, 2, 702, 3, 59, 59, 14
 96, 1, 683, 8, 31, 115, 8
 631, 3, 549, 4, 59, 117, 53
 704, 4, 864, 14, 24, 137, 59
 545, 3, 586, 15, 56, 67, 45
 420, 4, 400, 9, 74, 91, 35
 349, 5, 947, 12, 86, 63, 29
 748, 5, 131, 6, 21, 82, 62
 554, 3, 161, 17, 33, 65, 46
 229, 2, 713, 14, 29, 148, 19
 990, 2, 16, 3, 63, 114, 82
 939, 2, 81, 16, 46, 78, 78
 140, 3, 840, 15, 96, 125, 12
 152, 2, 392, 2, 72, 59, 13
 272, 4, 671, 13, 65, 69, 23
 720, 4, 433, 12, 93, 108, 60
 914, 3, 272, 7, 48, 81, 76
 75, 5, 192, 14, 35, 115, 7
 560, 4, 832, 10, 97, 85, 47
 275, 5, 976, 5, 21, 66, 23
 905, 3, 552, 9, 82, 90, 75
 154, 5, 701, 20, 63, 78, 13
 729, 3, 542, 8, 32, 99, 61
 418, 2, 983, 16, 64, 150, 35
 403, 3, 74, 12, 62, 53, 34
 321, 3, 468, 13, 76, 136, 27
 844, 1, 915, 10, 90, 50, 70
 973, 3, 911, 9, 63, 89, 81
 273, 1, 576, 13, 85, 135, 23
 930, 1, 746, 3, 71, 112, 77
 921, 2, 321, 18, 33, 121, 76
 641, 2, 230, 18, 45, 129, 53
 185, 4, 389, 14, 81, 73, 16
 776, 3, 351, 7, 37, 140, 65
 528, 4, 325, 6, 60, 118, 44
 900, 4, 731, 13, 34, 150, 75
 656, 4, 298, 5, 100, 65, 55
 714, 2, 574, 14, 63, 69, 59
 831, 5, 743, 9, 30, 149, 69
 840, 5, 967, 10, 86, 87, 70
 235, 4, 10, 18, 30, 61, 20
 796, 1, 901, 6, 38, 104, 66
 139, 2, 12, 7, 38, 89, 12
 772, 4, 949, 10, 77, 137, 64
 890, 3, 400, 7, 88, 75, 74
 961, 2, 60, 4, 40, 134, 80
 823, 2, 836, 7, 97, 50, 68
 700, 3, 892, 8, 56, 110, 58
 373, 1, 360, 14, 38, 104, 31
 846, 4, 604, 4, 40, 110, 70
 632, 1, 502, 6, 20, 146, 53
 83, 4, 490, 2, 48, 99, 7
 252, 1, 997, 9, 30, 94, 21
 848, 5, 458, 12, 49, 82, 70
 674, 5, 536, 18, 45, 83, 56
 878, 5, 53, 6, 34, 91, 73
 699, 2, 761, 20, 67, 108, 58
 905, 1, 763, 10, 43, 91, 75
 439, 5, 315, 18, 61, 81, 37
 924, 5, 911, 12, 61, 72, 77
 929, 3, 572, 20, 93, 84, 77
 458, 3, 106, 19, 25, 62, 38
 146, 4, 402, 13, 25, 124, 13
 804, 1, 960, 7, 84, 107, 67
 75, 5, 1, 17, 86, 92, 7
 793, 3, 410, 15, 64, 130, 66
 82, 4, 425, 15, 74, 55, 7
 102, 1, 312, 20, 36, 94, 9
 820, 4, 430, 5, 87, 94, 68
 641, 4, 805, 15, 33, 122, 53
 644, 5, 827, 7, 57, 122, 54
 964, 4, 70, 13, 39, 118, 80
 677, 5, 806, 6, 48, 103, 56
 503, 5, 830, 12, 54, 137, 42
 799, 4, 796, 4, 100, 77, 66
 809, 5, 186, 11, 50, 114, 67
 567, 4, 433, 16, 74, 128, 47
 95, 4, 535, 13, 57, 135, 8
 728, 3, 15, 8, 28, 89, 61
 70, 5, 19, 12, 62, 105, 6
 745, 5, 955, 2, 55, 87, 62
 835, 1, 14, 18, 26, 146, 69
 156, 3, 240, 13, 99, 58, 13
 477, 1, 271, 2, 33, 145, 40
 666, 2, 543, 16, 39, 150, 55
 868, 2, 463, 2, 99, 120, 72
 208, 5, 75, 13, 83, 141, 18
 526, 2, 103, 3, 67, 80, 44
 826, 1, 644, 15, 43, 87, 69
 862, 3, 226, 20, 67, 91, 72
 783, 2, 42, 5, 43, 58, 65
 158, 4, 242, 5, 34, 143, 14
 572, 3, 956, 2, 63, 112, 48
 772, 2, 411, 18, 70, 142, 64
 266, 5, 364, 11, 57, 93, 22
 296, 1, 499, 14, 56, 145, 25
 758, 1, 354, 6, 98, 125, 63
 761, 2, 567, 9, 68, 78, 63
 874, 4, 191, 18, 48, 109, 73
 134, 5, 12, 10, 38, 113, 12
 972, 5, 309, 20, 51, 126, 81
 813, 3, 38, 20, 64, 70, 68
 252, 5, 998, 9, 62, 126, 21
 480, 2, 588, 9, 74, 78, 40
 965, 5, 845, 14, 56, 103, 80
 943, 5, 597, 5, 71, 121, 78
 323, 2, 746, 11, 83, 120, 27
 888, 5, 892, 18, 93, 68, 74
 143, 5, 254, 7, 87, 130, 12
 717, 5, 611, 12, 39, 61, 60
 232, 1, 442, 14, 23, 51, 20
 935, 1, 901, 6, 84, 55, 78
 840, 4, 631, 4, 75, 55, 70
 307, 3, 576, 7, 61, 146, 26
 972, 4, 111, 15, 68, 78, 81
 118, 3, 764, 6, 52, 87, 10
 233, 1, 841, 14, 37, 91, 20
 728, 2, 558, 13, 23, 90, 61
 564, 1, 680, 6, 75, 55, 47
 957, 1, 840, 4, 61, 109, 79
 441, 2, 964, 5, 93, 87, 37
 214, 1, 634, 15, 98, 106, 18
 655, 3, 788, 11, 38, 89, 55
 376, 3, 670, 10, 37, 53, 32
 509, 5, 755, 13, 53, 82, 42
 607, 4, 583, 9, 28, 122, 51
 297, 5, 893, 11, 93, 145, 25
 756, 2, 889, 18, 30, 84, 63
 547, 5, 224, 16, 74, 85, 46
 68, 3, 342, 16, 42, 52, 6
 59, 5, 848, 18, 28, 133, 5
 111, 2, 778, 2, 62, 121, 10
 336, 1, 985, 16, 68, 57, 28
 387, 5, 310, 2, 72, 77, 32
 710, 3, 345, 12, 20, 121, 59
 352, 5, 623, 20, 44, 75, 30
 698, 1, 146, 4, 86, 55, 58
 757, 3, 825, 19, 22, 94, 63
 637, 1, 293, 14, 28, 96, 53
 677, 5, 677, 11, 83, 92, 56
 979, 3, 187, 12, 29, 56, 81
 715, 5, 318, 14, 75, 144, 59
 261, 5, 729, 4, 95, 86, 22
 914, 1, 147, 2, 71, 69, 76
 778, 4, 331, 10, 64, 83, 65
 697, 2, 8, 8, 72, 52, 58
 898, 5, 347, 3, 21, 115, 75
 662, 4, 224, 17, 67, 103, 55
 482, 3, 751, 2, 94, 116, 40
 388, 5, 989, 9, 84, 118, 33
 635, 5, 37, 15, 33, 53, 53
 162, 4, 313, 8, 59, 91, 14
 945, 4, 598, 5, 35, 69, 78
 684, 4, 322, 17, 100, 137, 57
 103, 1, 510, 16, 32, 81, 9
 601, 2, 28, 4, 85, 124, 50
 275, 4, 475, 15, 36, 59, 23
 278, 1, 173, 14, 78, 114, 23
 792, 5, 886, 18, 50, 127, 66
 669, 3, 125, 8, 22, 141, 56
 465, 2, 598, 19, 43, 58, 39
 356, 1, 875, 10, 73, 51, 30
 310, 5, 817, 6, 78, 76, 26
 252, 2, 801, 12, 63, 131, 21
 730, 5, 804, 18, 67, 101, 61
 107, 4, 138, 16, 50, 64, 9
 436, 5, 375, 3, 52, 109, 36
 197, 3, 446, 18, 59, 63, 17
 90, 1, 836, 17, 23, 53, 8
 141, 3, 59, 4, 86, 67, 12
 409, 1, 268, 19, 56, 92, 34
 369, 4, 125, 14, 45, 73, 31
 768, 1, 220, 4, 26, 118, 64
 415, 3, 16, 15, 64, 130, 35
 600, 4, 787, 18, 66, 125, 50
 160, 3, 125, 20, 44, 138, 14
 511, 5, 967, 20, 44, 52, 43
 459, 5, 907, 20, 24, 138, 38
 112, 2, 322, 14, 24, 93, 10
 254, 4, 451, 19, 85, 100, 21
 593, 1, 919, 13, 86, 131, 49
 891, 2, 666, 8, 75, 104, 74
 834, 1, 366, 4, 24, 111, 69
 582, 5, 252, 9, 32, 144, 49
 346, 4, 171, 8, 88, 139, 29
 211, 2, 882, 4, 55, 149, 18
 253, 3, 443, 19, 98, 100, 21
 538, 5, 785, 17, 95, 79, 45
 642, 2, 802, 4, 62, 61, 53
 801, 4, 285, 20, 23, 142, 67
 708, 1, 978, 9, 92, 50, 59
 852, 5, 105, 13, 29, 101, 71
 139, 1, 813, 2, 48, 109, 12
 247, 1, 633, 10, 86, 143, 21
 258, 2, 834, 11, 51, 74, 22
 792, 3, 662, 7, 61, 63, 66
 155, 5, 725, 6, 64, 105, 13
 975, 4, 505, 7, 40, 144, 81
 457, 1, 813, 20, 61, 66, 38
 509, 5, 213, 14, 27, 127, 42
 716, 3, 796, 8, 45, 72, 60
 563, 3, 28, 19, 47, 144, 47
 693, 5, 353, 15, 82, 52, 58
 659, 2, 979, 9, 80, 63, 55
 688, 2, 541, 13, 79, 100, 57
 641, 2, 794, 13, 40, 106, 53
 600, 4, 999, 7, 89, 110, 50
 204, 2, 976, 3, 76, 75, 17
 561, 2, 646, 14, 67, 101, 47
 985, 2, 35, 19, 28, 51, 82
 615, 1, 136, 3, 42, 101, 51
 912, 4, 315, 14, 23, 66, 76
 810, 2, 92, 6, 32, 51, 67
 803, 4, 783, 6, 64, 83, 67
 551, 3, 982, 2, 76, 118, 46
 978, 3, 213, 16, 22, 74, 81
 896, 4, 841, 2, 47, 71, 74
 578, 5, 712, 13, 95, 78, 48
 794, 2, 2, 2, 97, 66, 66
 688, 5, 435, 13, 67, 50, 57
 119, 4, 41, 12, 84, 149, 10
 979, 3, 106, 8, 69, 70, 81
 186, 2, 920, 13, 91, 72, 16
 129, 2, 24, 7, 69, 67, 11
 925, 3, 635, 18, 22, 83, 77
 524, 4, 380, 10, 74, 109, 44
 99, 5, 141, 9, 61, 59, 9
 360, 1, 736, 17, 25, 95, 30
 174, 1, 619, 11, 70, 83, 15
 466, 3, 430, 15, 71, 140, 39
 101, 5, 961, 3, 26, 76, 9
 710, 4, 73, 11, 20, 91, 59
 310, 3, 461, 17, 86, 135, 26
 802, 1, 577, 2, 64, 59, 67
 990, 1, 528, 17, 81, 91, 82
 635, 3, 83, 12, 28, 130, 53
 706, 2, 769, 19, 54, 128, 59